EDID BYTES:
0x   00 01 02 03 04 05 06 07 08 09 0A 0B 0C 0D 0E 0F
    ------------------------------------------------
00 | 00 FF FF FF FF FF FF 00 5C 34 01 00 01 00 00 00
10 | 01 19 01 03 81 00 00 00 0A 00 00 00 00 00 00 00
20 | 00 00 00 00 00 00 01 01 01 01 01 01 01 01 01 01
30 | 01 01 01 01 01 01 C4 09 E0 33 10 10 14 10 08 05
40 | 4A 00 E0 10 11 00 00 18 00 00 00 FC 00 48 44 4D
50 | 49 20 44 49 53 50 4C 41 59 0A 00 00 00 10 00 01
60 | 00 0A 00 0A 00 0A 0A 0A 0A 0A 20 0A 00 00 00 10
70 | 00 00 00 00 00 00 00 00 00 00 00 00 00 00 00 38
