EDID BYTES:
0x   00 01 02 03 04 05 06 07 08 09 0A 0B 0C 0D 0E 0F
    ------------------------------------------------
00 | 00 FF FF FF FF FF FF 00 5C 34 01 00 01 00 00 00
10 | 01 19 01 03 80 00 00 00 0A 00 00 00 00 00 00 00
20 | 00 00 00 00 00 00 01 01 01 01 01 01 01 01 01 01
30 | 01 01 01 01 01 01 EC 13 00 80 40 58 2D 20 28 30
40 | D3 00 00 58 42 00 00 18 00 00 00 FC 00 48 44 4D
50 | 49 20 44 49 53 50 4C 41 59 0A 00 00 00 10 00 00
60 | 00 00 00 00 00 00 00 00 00 00 00 00 00 00 00 10
70 | 00 00 00 00 00 00 00 00 00 00 00 00 00 00 00 FD
